0.531161
0.187824
0.479807
0.352171
0.304507
0.699773
0.698481
0.381374
0.572670
0.278502
0.327202
0.483270
0.349294
0.651735
0.262363
0.774033
0.416680
0.480531
0.406387
0.213026
0.393387
0.429425
0.731122
0.563343
0.435999
0.762747
0.636209
0.216902
0.334942
0.658452
0.326955
0.784086
0.383493
0.440245
0.629512
0.519339
0.700662
0.363117
0.372951
0.298737
0.108007
0.475759
0.205666
0.392578
0.135323
0.547597
0.236115
0.297470
0.156737
0.346234
0.271861
0.373481
0.413790
0.819834
0.906471
0.266827
0.619002
0.189897
0.257251
0.552911
0.309301
0.354034
0.647955
0.076469
0.553704
0.402311
0.347110
0.797706
0.176966
0.362184
0.379305
0.487704
0.396198
0.577680
0.344054
0.510693
0.368268
0.275631
0.456092
0.432101
0.813117
0.503385
0.650117
0.227477
0.382139
0.355904
0.295881
0.357816
0.596239
0.423692
0.450103
0.261844
0.310660
0.268113
0.271813
0.313784
0.441881
0.465418
0.403858
0.778959
0.611223
0.127530
0.638572
0.393403
0.673573
0.426837
0.398426
0.353235
0.208381
0.611537
0.368179
0.286525
0.775323
0.295679
0.133633
0.385905
0.434674
0.308217
0.878859
0.513135
0.219185
0.204827
0.513848
0.286124
0.264973
0.147172
0.598805
0.280616
0.226625
0.507169
0.495160
0.244855
0.624353
0.473865
0.531981
0.680482
0.420914
0.225675
0.510590
0.592271
0.212716
0.528447
0.807343
0.387041
0.307538
0.748592
0.704985
0.561303
0.155550
0.421256
0.291131
0.422189
0.279444
0.491515
0.322460
0.604583
0.711656
0.414190
0.200174
0.746471
0.474869
0.401768
0.195771
0.451940
0.560445
0.396424
0.430781
0.412480
0.571124
0.125534
0.419421
0.421296
0.235101
0.155281
0.706739
0.509534
0.454467
0.313163
0.477155
0.564774
0.447320
0.824982
0.142544
0.191411
0.648798
0.290395
0.127683
0.427726
0.522338
0.504998
0.664042
0.503470
0.771933
0.471035
0.250344
0.283560
0.660247
0.144245
0.623778
0.262960
0.685211
0.356606
0.498058
0.320676
0.290282
0.359239
0.640987
0.271292
0.175515
0.242985
0.510684
0.442754
0.498566
0.529457
0.096915
0.180876
0.157213
0.204092
0.594544
0.576610
0.492425
0.721942
0.245656
0.364349
0.323464
0.556081
0.506598
0.754084
0.743636
0.579059
0.600390
0.679196
0.467364
0.599744
0.462409
0.377675
0.146272
0.560710
0.421153
0.448990
0.505756
0.531978
0.287516
0.457386
0.254410
0.790691
0.119618
0.806825
0.467446
0.649828
0.672394
0.505276
0.420880
0.157495
0.092803
0.269013
0.539161
0.318243
0.301744
0.692902
0.513387
0.707691
0.429312
0.308491
0.452469
0.382157
0.171658
0.327622
0.264070
0.251528
0.576635
0.310848
0.304163
0.277766
0.409971
0.565359
0.666047
0.626138
0.615218
0.200978
0.320252
0.212297
0.403603
0.441746
0.468105
0.291075
0.315882
0.443304
0.317742
0.756211
0.486197
0.267337
0.552330
0.459702
0.514263
0.312309
0.512364
0.503801
0.491447
0.374871
0.331210
0.595530
0.377584
0.376803
0.512134
0.461012
0.555883
0.415412
0.502701
0.203711
0.607184
0.522546
0.146711
0.178545
0.439790
0.335908
0.289402
0.388038
0.343430
0.287470
0.319346
0.492519
0.432922
0.522051
0.445066
0.213389
0.365713
0.418507
0.839018
0.735986
0.512637
0.629922
0.243203
0.074691
0.410551
0.600859
0.308877
0.178689
0.194169
0.323980
0.402676
0.378188
0.500481
0.215492
0.593428
0.231415
0.546461
0.272043
0.634638
0.210380
0.305425
0.507960
0.339913
0.430390
0.336756
0.372667
0.262125
0.131099
0.686098
0.107087
0.360368
0.313408
0.742392
0.726278
0.289895
0.198886
0.546610
0.847524
0.686266
0.226098
0.181598
0.431324
0.442205
0.240627
0.332186
0.510600
0.778005
0.576440
0.395451
0.224092
0.581816
0.246325
0.433618
0.498417
0.232702
0.556595
0.455506
0.394832
0.586931
0.133641
0.244174
0.473758
0.298425
0.166272
0.394776
0.437098
0.485755
0.372176
0.719385
0.298872
0.310926
0.618624
0.488531
0.464185
0.595151
0.292656
0.390067
0.287066
0.606649
0.192398
0.748519
0.337775
0.139951
0.461141
0.399435
0.801670
0.590991
0.736172
0.503711
0.072944
0.697279
0.532500
0.413474
0.415435
0.242900
0.351471
0.299953
0.322096
0.332661
0.637276
0.476914
0.169001
0.597441
0.195980
0.806223
0.159687
0.227658
0.411212
0.484591
0.265050
0.275009
0.093425
0.517029
0.280173
0.455692
0.384166
0.368826
0.340207
0.289569
0.286969
0.693381
0.258104
0.285801
0.473001
0.627823
0.536251
0.276370
0.560148
0.461011
0.413320
0.546235
0.088331
0.392069
0.587966
0.336452
0.469376
0.186893
0.337253
0.383506
0.305594
0.279443
0.549563
0.061562
0.454761
0.274610
0.399401
0.055276
0.223508
0.485088
0.294850
0.308145
0.176610
0.151913
0.235753
0.632017
0.387532
0.712118
0.398121
0.185936
0.680876
0.406594
0.282701
0.430620
0.160992
0.549737
0.483956
0.162593
0.341178
0.265896
0.381651
0.270201
0.452258
0.324498
0.502534
0.594929
0.383835
0.345727
0.481026
0.416607
0.166592
0.666643
0.451244
0.723962
0.542684
0.393727
0.454701
0.883854
0.354440
0.737015
0.312010
0.725983
0.409200
0.433655
0.620784
0.369062
0.335941
0.369722
0.388738
0.474937
0.661904
0.370251
0.375376
0.286910
0.334926
0.612145
0.615911
0.247568
0.168455
0.423804
0.409654
0.701383
0.486050
0.378388
0.585429
0.241447
0.177764
0.395125
0.145051
0.138776
0.358771
0.266845
0.582438
0.412635
0.138728
0.505964
0.313472
0.376844
0.059605
0.446138
0.219981
0.452860
0.498718
0.397065
0.419108
0.095676
0.476969
0.285343
0.244728
0.323826
0.238054
0.466904
0.398359
0.205502
0.512581
0.454857
0.222886
0.325829
0.201215
0.331843
0.624349
0.467128
0.294781
0.220899
0.530299
0.409241
0.249187
0.296185
0.370894
0.531500
0.414325
0.297265
0.226174
0.292273
0.408101
0.120147
0.380216
0.585024
0.546805
0.822567
0.298642
0.590709
0.775416
0.169644
0.293634
0.498706
0.354899
0.117087
0.584561
0.317488
0.514628
0.450294
0.449994
0.357990
0.517603
0.409263
0.178484
0.598828
0.387934
0.349116
0.629312
0.560464
0.340977
0.642528
0.622221
0.230796
0.529886
0.502738
0.613993
0.223567
0.185686
0.214837
0.187755
0.446917
0.230350
0.280884
0.255435
0.344969
0.224114
0.567353
0.414974
0.464972
0.106443
0.560832
0.393613
0.592930
0.530615
0.291010
0.451094
0.372179
0.503103
0.581794
0.240303
0.396898
0.548009
0.620548
0.273222
0.493742
0.293076
0.607605
0.155717
0.332795
0.442821
0.719634
0.322368
0.194343
0.620660
0.328719
0.559578
0.409876
0.437272
0.659933
0.528251
0.369785
0.404021
0.327199
0.412966
0.307936
0.339464
0.575081
0.188503
0.280482
0.135533
0.573243
0.320492
0.195477
0.609798
0.501073
0.700095
0.481765
0.217685
0.246383
0.474389
0.711654
0.336178
0.524024
0.713905
0.635803
0.375073
0.313984
0.065422
0.172766
0.854695
0.376624
0.683748
0.396668
0.424351
0.795136
0.617660
0.258039
0.314317
0.757978
0.382756
0.634852
0.455065
0.298748
0.456795
0.500498
0.388935
0.461080
0.430532
0.178903
0.207101
0.358091
0.265368
0.134507
0.355364
0.680059
0.134784
0.648668
0.287778
0.120587
0.503486
0.587112
0.345330
0.425565
0.400346
0.589932
0.392578
0.314839
0.869653
0.791060
0.393190
0.583098
0.433681
0.109521
0.546728
0.647818
0.253931
0.634014
0.602006
0.865073
0.562040
0.181125
0.692236
0.504608
0.344753
0.502087
0.234291
0.348832
0.213333
0.744533
0.509795
0.369459
0.614587
0.357312
0.354268
0.433115
0.490299
0.616261
0.516602
0.219345
0.286231
0.531504
0.187810
0.282150
0.522135
0.474791
0.598786
0.354808
0.399033
0.110137
0.315119
0.284537
0.466100
0.232498
0.335682
0.361976
0.299940
0.625421
0.198693
0.391973
0.059394
0.486679
0.298270
0.579063
0.498545
0.616730
0.321008
0.469820
0.226380
0.479014
0.458738
0.276337
0.564268
0.254790
0.594754
0.282079
0.436294
0.172272
0.521765
0.641383
0.459760
0.564243
0.427450
0.175703
0.270090
0.421988
0.178247
0.363083
0.727423
0.407338
0.525644
0.618068
0.571301
0.604214
0.324656
0.385733
0.422054
0.320060
0.767728
0.720977
0.365010
0.611198
0.509419
0.443535
0.071974
0.622855
0.187469
0.605921
0.355776
0.424496
0.572377
0.468944
0.327117
0.447613
0.307874
0.400658
0.241757
0.374896
0.546868
0.716344
0.271427
0.514415
0.374225
0.252613
0.421907
0.722298
0.077226
0.633400
0.455689
0.513872
0.352523
0.637258
0.587308
0.546619
0.466650
0.634089
0.621791
0.540913
0.330961
0.320443
0.837158
0.245114
0.159199
0.644118
0.405650
0.386389
0.549558
0.579372
0.462143
0.404132
0.475623
0.629215
0.492921
0.445297
0.152908
0.213456
0.374093
0.499728
0.273618
0.576659
0.251874
0.100915
0.500888
0.353562
0.451577
0.294301
0.631613
0.103911
0.716940
0.235089
0.250283
0.553573
0.594307
0.191216
0.302594
0.500901
0.244257
0.439477
0.358740
0.524594
0.347924
0.388971
0.162878
0.549169
0.401545
0.802245
0.455385
0.494599
0.522361
0.646063
0.356299
0.269549
0.509391
0.188311
0.227774
0.149016
0.708733
0.441662
0.502335
0.339870
0.281102
0.312643
0.330483
0.506806
0.526210
0.355966
0.245700
0.379944
0.888736
0.245689
0.269717
0.269214
0.579040
0.715790
0.565490
0.621258
0.398272
0.368875
0.104099
0.279644
0.352425
0.568631
0.328685
0.202426
0.566721
0.484933
0.423666
0.353508
0.617251
0.222270
0.436676
0.152088
0.295592
0.697029
0.430835
0.381206
0.147227
0.450028
0.380117
0.231773
0.442781
0.223525
0.456754
0.147370
0.544813
0.413846
0.107044
0.448597
0.559887
0.480212
0.356638
0.156343
0.548470
0.675211
0.543061
0.202294
0.225618
0.171977
0.215924
0.181315
0.578702
0.484635
0.522921
0.682153
0.329856
0.334615
0.438630
0.306291
0.217900
