0.248573
0.417502
0.105936
0.338705
0.384175
0.355769
0.555989
0.150901
0.380128
0.180767
0.312335
0.606253
0.865711
0.397243
0.551397
0.499227
0.833187
0.682691
0.358664
0.621925
0.658875
0.782796
0.481050
0.417451
0.236200
0.475040
0.343063
0.926666
0.217052
0.380469
0.666817
0.457449
0.431017
0.503149
0.551879
0.460535
0.368787
0.425811
0.598823
0.505868
0.720846
0.792992
0.569796
0.429560
0.381781
0.297305
0.183731
0.398435
0.682875
0.637564
0.558489
0.523765
0.633920
0.709887
0.276977
0.216956
0.302410
0.499127
0.482093
0.552019
0.187847
0.483143
0.629923
0.701521
0.429928
0.744105
0.386448
0.320667
0.227070
0.390757
0.433620
0.554041
0.414985
0.502445
0.444917
0.495333
0.359833
0.330260
0.240220
0.357169
0.626107
0.605874
0.377643
0.191731
0.345025
0.786527
0.640210
0.306996
0.366265
0.507539
0.703228
0.562026
0.662210
0.379429
0.305373
0.618238
0.481343
0.272658
0.161529
0.341125
0.369862
0.453974
0.380943
0.563684
0.448504
0.146200
0.512170
0.512210
0.573370
0.082546
0.202152
0.545520
0.442119
0.425633
0.540827
0.364991
0.447474
0.181246
0.637504
0.653766
0.133042
0.051170
0.462602
0.419193
0.375694
0.597936
0.275945
0.327021
0.525110
0.341089
0.494263
0.340093
0.311268
0.748971
0.113662
0.273909
0.527815
0.565311
0.454698
0.494207
0.464321
0.824860
0.250982
0.568806
0.245490
0.514573
0.185625
0.523868
0.514738
0.658688
0.375980
0.653582
0.202491
0.370359
0.523613
0.362802
0.460964
0.782928
0.355814
0.567208
0.406977
0.498191
0.647762
0.437298
0.485754
0.405984
0.385508
0.427003
0.767091
0.247234
0.404021
0.637428
0.283005
0.414439
0.612493
0.205562
0.501595
0.307216
0.439308
0.569566
0.564753
0.678456
0.229436
0.568835
0.287689
0.250025
0.753643
0.451226
0.204909
0.466914
0.762720
0.427611
0.512669
0.654279
0.637383
0.352929
0.514401
0.093268
0.463991
0.446505
0.598922
0.578771
0.594308
0.219362
0.677497
0.141136
0.548752
0.227225
0.390555
0.442891
0.507922
0.825203
0.370028
0.567057
0.439555
0.671932
0.163526
0.467864
0.602288
0.448210
0.184700
0.438290
0.249597
0.435277
0.599236
0.252696
0.105079
0.295258
0.183083
0.484188
0.193385
0.293192
0.308286
0.489286
0.313809
0.423484
0.507301
0.579057
0.508269
0.282661
0.258551
0.622202
0.322305
0.338588
0.438469
0.487419
0.276727
0.630284
0.611907
0.769202
0.720362
0.242008
0.577957
0.215774
0.576483
0.143734
0.324029
0.437516
0.370100
0.157161
0.420334
0.283084
0.145188
0.769211
0.400577
0.525405
0.786272
0.504996
0.662815
0.286087
0.404106
0.295936
0.521153
0.559395
0.228439
0.450948
0.559898
0.512614
0.478871
0.215574
0.625715
0.238852
0.220744
0.626453
0.644362
0.566394
0.621672
0.443472
0.603576
0.168205
0.747027
0.187346
0.343241
0.524619
0.482831
0.705439
0.252054
0.406789
0.430161
0.503378
0.503010
0.137877
0.342415
0.370422
0.545585
0.446569
0.742351
0.488002
0.668992
0.220929
0.804515
0.233577
0.570759
0.552300
0.777195
0.592408
0.288681
0.464856
0.555984
0.538038
0.293985
0.390160
0.709050
0.325822
0.614147
0.587919
0.270240
0.419827
0.401462
0.400422
0.480221
0.318813
0.337365
0.541317
0.430936
0.310193
0.693843
0.202026
0.791237
0.448353
0.284627
0.446609
0.266834
0.291293
0.400594
0.164799
0.109168
0.195888
0.477061
0.564997
0.562242
0.593999
0.317191
0.861630
0.433232
0.347907
0.392319
0.305413
0.135142
0.128190
0.574568
0.392965
0.222927
0.651378
0.694314
0.538416
0.524585
0.334106
0.500457
0.201589
0.099613
0.642640
0.445727
0.796553
0.318336
0.627472
0.414072
0.350446
0.493795
0.601754
0.742229
0.542104
0.601393
0.415377
0.292784
0.272951
0.188035
0.145835
0.497101
0.422396
0.213901
0.417981
0.688284
0.337023
0.663945
0.261806
0.771278
0.696964
0.694353
0.424453
0.711680
0.676130
0.559777
0.303585
0.627377
0.178449
0.257165
0.269374
0.354506
0.303111
0.565085
0.455183
0.217793
0.505349
0.240667
0.567527
0.841813
0.550356
0.337719
0.366277
0.227256
0.387130
0.462690
0.370300
0.338168
0.672909
0.317271
0.309803
0.562323
0.543244
0.573843
0.724347
0.551419
0.318881
0.317134
0.386633
0.356899
0.616489
0.282612
0.307632
0.327811
0.179956
0.669382
0.671652
0.296128
0.642223
0.382770
0.235411
0.603923
0.363759
0.282889
0.524482
0.488142
0.434267
0.155265
0.395072
0.317368
0.710830
0.300618
0.464741
0.342707
0.418864
0.662310
0.630487
0.485898
0.675553
0.439301
0.548410
0.357082
0.370967
0.793945
0.490941
0.284745
0.429867
0.318731
0.372918
0.524042
0.413239
0.265589
0.349579
0.246015
0.375728
0.298038
0.435830
0.532898
0.215096
0.224771
0.758317
0.496650
0.186329
0.541962
0.526134
0.099086
0.369134
0.512097
0.435327
0.592072
0.207294
0.183078
0.305187
0.232542
0.422859
0.238253
0.337220
0.231961
0.549576
0.243066
0.178888
0.202393
0.492534
0.464907
0.192919
0.573503
0.304791
0.425724
0.580477
0.354210
0.601885
0.503394
0.328394
0.704890
0.149309
0.753455
0.372767
0.076422
0.479097
0.383282
0.538214
0.478911
0.541778
0.384026
0.248806
0.751456
0.504126
0.270696
0.380571
0.375292
0.359861
0.272869
0.326015
0.451416
0.459865
0.628503
0.379624
0.255593
0.755686
0.210485
0.184699
0.141923
0.458177
0.806785
0.476474
0.284919
0.373704
0.179598
0.385878
0.293254
0.734938
0.551834
0.480564
0.337377
0.259997
0.550979
0.514635
0.564199
0.402269
0.691361
0.389462
0.560801
0.438666
0.289275
0.652221
0.523529
0.509294
0.252329
0.460432
0.338161
0.507395
0.457087
0.498943
0.422533
0.386969
0.118046
0.779007
0.346536
0.682738
0.223963
0.482317
0.358683
0.512063
0.557711
0.361876
0.723981
0.674016
0.215628
0.154867
0.619041
0.486166
0.090531
0.439205
0.254082
0.508056
0.442078
0.454193
0.250557
0.620623
0.563534
0.720979
0.565917
0.677516
0.448949
0.488253
0.227661
0.438520
0.512273
0.869417
0.519787
0.213830
0.581581
0.687174
0.495590
0.620405
0.361638
0.577125
0.530021
0.015005
0.446859
0.371134
0.160351
0.123913
0.465128
0.672990
0.458835
0.782279
0.234549
0.542357
0.352741
0.510453
0.312503
0.418284
0.290899
0.303940
0.434523
0.448578
0.740579
0.148318
0.528219
0.320452
0.603848
0.448581
0.183918
0.070745
0.266997
0.572075
0.358865
0.748624
0.375233
0.364283
0.698890
0.106770
0.373686
0.385435
0.186231
0.496816
0.289008
0.408402
0.704043
0.651400
0.461857
0.347660
0.298660
0.310498
0.551289
0.349864
0.476780
0.493409
0.182380
0.377546
0.544132
0.420384
0.468644
0.395808
0.284570
0.510657
0.539631
0.254404
0.054761
0.227955
0.432417
0.513465
0.062250
0.379482
0.760218
0.393460
0.502935
0.550831
0.302241
0.263734
0.616053
0.615997
0.311546
0.322453
0.449944
0.394013
0.398928
0.755642
0.450618
0.350371
0.211019
0.335281
0.437726
0.632591
0.346305
0.455126
0.399397
0.326670
0.605311
0.207324
0.548208
0.522103
0.455323
0.129131
0.112396
0.513538
0.254168
0.511823
0.704560
0.689143
0.643397
0.351515
0.568550
0.463716
0.222349
0.263461
0.584012
0.558903
0.604758
0.487715
0.422545
0.672143
0.522713
0.481603
0.322015
0.498150
0.166088
0.301387
0.530555
0.630269
0.229600
0.303319
0.302910
0.337801
0.707161
0.316735
0.434324
0.589350
0.393247
0.473132
0.189147
0.582950
0.114586
0.451029
0.351557
0.376884
0.575242
0.311432
0.365671
0.503766
0.068060
0.525647
0.746718
0.611853
0.415430
0.567792
0.373422
0.235346
0.796504
0.133363
0.265129
0.423999
0.554304
0.385714
0.418385
0.603914
0.760483
0.269232
0.834772
0.404420
0.459941
0.378998
0.205309
0.470832
0.504650
0.456795
0.070487
0.118579
0.340043
0.185371
0.322142
0.301077
0.115597
0.374855
0.634778
0.358830
0.165131
0.470357
0.448755
0.369882
0.607945
0.112431
0.736423
0.478751
0.376871
0.560101
0.547329
0.274010
0.231102
0.227499
0.370557
0.293163
0.498158
0.426885
0.502992
0.385891
0.385703
0.258173
0.490969
0.526450
0.291119
0.284033
0.234530
0.144997
0.310510
0.476255
0.562676
0.491619
0.383259
0.388534
0.677342
0.258377
0.158843
0.230282
0.682820
0.694137
0.320130
0.421929
0.143505
0.644751
0.668025
0.433307
0.448128
0.726683
0.340264
0.290473
0.309561
0.330970
0.173663
0.637449
0.316174
0.243797
0.535441
0.407471
0.553957
0.646555
0.259064
0.125432
0.394166
0.272225
0.450171
0.466692
0.763006
0.492587
0.424822
0.416612
0.559938
0.609274
0.310550
0.477850
0.101711
0.405241
0.263237
0.161452
0.510523
0.497746
0.757470
0.747982
0.370368
0.630368
0.332212
0.173259
0.432603
0.468515
0.316656
0.486371
0.397163
0.505308
0.116478
0.346585
0.380846
0.457775
0.673804
0.419399
0.377156
0.532446
0.410314
0.407251
0.390262
0.300125
0.724732
0.197703
0.675683
0.505175
0.291354
0.269958
0.420161
0.318013
0.221492
0.616737
0.673197
0.205863
0.268840
0.612172
0.391922
0.154644
0.410012
0.416650
0.268122
0.387791
0.417389
0.561446
0.657562
0.440377
0.316335
0.189187
0.562542
0.661529
0.476979
0.552937
0.355463
0.321920
0.506687
0.191075
0.345578
0.340855
0.298150
0.638887
0.305381
0.310701
0.298524
0.648676
0.109037
0.387051
0.592387
0.642862
0.251890
0.481782
0.578738
0.192495
0.369450
0.460350
0.296190
0.282761
0.493064
0.300602
0.354875
0.427159
0.243492
0.594073
0.361831
0.261815
0.350353
0.416949
0.654642
0.565230
0.309878
0.665254
0.309975
0.457386
0.209323
0.515506
0.558837
0.392117
0.470065
0.435312
0.339480
0.411781
0.795478
0.082627
0.602370
0.426763
0.403049
0.584107
0.464383
0.558163
0.506636
0.258338
0.301380
0.776368
0.726964
0.308190
0.518816
0.362878
0.518047
0.480343
0.664065
0.694057
0.366814
0.385899
0.219421
0.497948
0.475189
0.595525
0.269754
0.240781
0.167583
0.450799
0.576662
0.255000
0.530056
0.353051
0.372676
0.413095
0.399275
0.285981
0.128504
0.314978
0.360222
0.629386
0.243928
0.413138
0.396496
0.704517
0.107844
0.828087
0.408574
0.508735
0.242311
0.232708
0.350607
0.131438
0.580577
0.113478
0.600242
0.440032
0.551240
0.412792
0.416176
0.345428
0.431236
0.310575
0.241837
0.556255
0.707544
0.267277
0.610529
0.232269
0.405978
0.551902
0.470657
0.696086
0.403529
0.284203
0.301544
0.505136
0.567921
0.527746
0.915781
0.594548
0.294956
0.252211
0.160440
0.715632
0.512353
0.280017
0.839749
0.185684
0.389844
0.333735
0.382716
0.550838
0.553170
0.540940
0.484909
0.463057
0.355776
0.592401
0.344368
0.246952
0.201290
0.555227
0.258402
0.180608
0.247581
0.567649
0.510416
0.804564
0.612001
0.387276
0.336173
0.507627
0.289536
0.478612
0.361678
0.217201
0.177217
0.578232
0.395619
0.415228
0.667667
0.118467
0.441834
0.523234
0.353519
0.108750
0.217948
0.328481
0.371783
0.218470
0.559979
0.399475
0.308851
0.486101
0.381899
0.555901
0.256579
0.378789
0.541537
0.859132
0.471952
0.604745
0.574867
0.441603
0.269107
0.771721
0.331708
0.078443
0.554157
0.465132
0.244691
0.278566
0.499156
0.552251
0.411104
0.454282
0.284020
0.647736
0.557364
0.096878
0.598442
0.412631
0.407376
0.771969
0.268127
0.346254
0.139500
0.673276
0.448458
0.036594
0.057919
0.503947
0.646392
0.276645
0.267548
0.344351
0.232682
0.566344
0.594803
0.140084
0.542880
0.297027
0.472409
0.600496
0.427397
0.649954
0.229988
0.178815
0.499756
0.523383
0.249331
0.426639
0.218387
0.654820
0.413756
0.268695
0.741585
0.322468
0.548904
0.533426
0.805952
0.473534
0.307110
0.436051
0.575233
0.376930
0.732570
0.220832
0.417574
0.244214
0.111948
0.712467
0.424591
0.342723
0.426724
0.291021
0.798314
0.266177
0.348616
0.702482
0.625260
0.168333
0.592799
0.328371
0.762253
0.551849
0.679413
0.577456
0.536362
0.427419
0.420752
0.513176
0.346942
0.468775
0.267658
0.532437
0.583596
0.543321
0.576474
0.684735
0.493529
0.353515
0.406107
0.385165
0.319529
0.550223
0.439449
0.694225
0.665083
0.448339
0.170440
0.281905
0.299925
0.731802
0.250918
0.456156
0.235736
0.594069
0.762302
0.380530
0.460800
0.659471
0.277826
0.136219
0.560183
0.368324
0.538624
0.463382
0.347994
0.438459
0.643130
0.646710
0.473124
0.441173
0.707605
0.517379
0.119346
0.427198
0.494292
0.360939
0.297124
0.431701
0.293517
0.381969
0.659468
0.304093
0.521289
0.389200
0.366603
0.311725
0.438440
0.539989
0.511902
0.529392
0.170044
0.471871
0.262853
0.349558
0.414069
0.544477
0.375258
0.530193
0.495500
0.445317
0.526503
0.500294
0.294917
0.096574
0.075509
0.330779
0.068397
0.431738
0.523014
0.486243
0.663419
0.257691
0.631681
0.615817
0.203420
0.317050
0.439694
0.800920
0.304081
0.303276
0.619687
0.671826
0.416818
0.688726
0.490567
0.430568
0.365432
0.391359
0.347696
0.497337
0.277232
0.334663
0.627576
0.307614
0.550307
0.541372
0.629856
0.290272
0.838927
0.554697
0.198417
0.441222
0.461814
0.473883
0.443688
0.435230
0.669188
0.292479
0.587970
0.439174
0.383978
0.455477
0.455539
0.446945
0.493072
0.346309
0.484644
0.451227
0.436922
0.769928
0.278434
0.317452
0.706074
0.402040
0.720344
0.465039
0.376059
0.264875
0.281105
0.209287
0.259740
0.304975
0.431428
0.405096
0.108379
0.242854
0.444604
0.496666
0.170920
0.730168
0.779444
0.508757
0.286274
0.612588
0.444126
0.301782
0.543961
0.455795
0.380241
0.258157
0.447306
0.323591
0.360232
0.492974
0.583780
0.631361
0.766802
0.608193
0.418960
0.401388
0.064620
0.653334
0.511584
0.419078
0.560117
0.409597
0.637052
0.219358
0.404814
0.362793
0.432809
0.489872
0.755908
0.131337
0.440525
0.440857
0.162123
0.754643
0.722620
0.245491
0.485875
0.650194
0.608496
0.517964
0.151543
0.453001
0.195517
0.467168
0.469978
0.366233
0.112061
0.256194
0.673155
0.429545
0.284744
0.536612
0.323069
0.277947
0.484032
0.412536
0.541078
0.586164
0.353054
0.399005
0.287462
0.355463
0.667099
0.358573
0.270222
0.416041
0.542766
0.373679
0.695759
0.551194
0.763395
0.553263
0.360953
0.554196
0.142317
0.096223
0.238202
0.197820
0.156050
0.361991
0.342696
0.670406
0.534793
0.345889
0.426831
0.711508
0.694444
0.670932
0.399467
0.448437
0.280112
0.381815
0.192922
0.720276
0.290227
0.557633
0.311375
0.456139
0.449739
0.469004
0.270334
0.376645
0.558919
0.527393
0.475175
0.502363
0.167434
0.574924
0.344812
0.085591
0.347304
0.499267
0.407082
0.471528
0.571100
0.398140
0.281141
0.243153
0.271458
0.805577
0.515641
0.178503
0.395284
0.622647
0.101694
0.683709
0.372977
0.486502
0.258924
0.688167
0.208206
0.345495
0.413588
0.664727
0.107365
0.155472
0.600461
0.252648
0.406799
0.342544
0.339798
0.185417
0.564311
0.230463
0.234192
0.281631
0.316196
0.146209
0.228151
0.231586
0.509235
0.295890
0.605852
0.116780
0.240222
0.707187
0.409984
0.440508
0.300777
0.649088
0.282085
0.533976
0.370669
0.313557
0.338102
0.390859
0.675892
0.481342
0.273821
0.591163
0.143635
0.346174
0.352659
0.265233
0.437352
0.294360
0.287911
0.268206
0.407966
0.439830
0.438907
0.706104
0.476497
0.323066
0.342257
0.591349
0.333144
0.423739
0.260063
0.440554
0.264259
0.424858
0.367120
0.542349
0.422504
0.306116
0.412548
0.247085
0.529794
0.167682
0.165805
0.399845
0.732611
0.654489
0.577614
0.374044
0.633779
0.434449
0.579868
0.498653
0.568831
0.447707
0.167018
0.675264
0.397522
0.392385
0.334834
0.129662
0.553723
0.319783
0.233477
0.195728
0.384775
0.411056
0.112196
0.601287
0.284113
0.495073
0.237746
0.512950
0.491503
0.402122
0.568816
0.451697
0.217410
0.792831
0.520742
0.570808
0.548622
0.756043
0.649587
0.134270
0.885056
0.350769
0.344402
0.661082
0.595599
0.340136
0.748023
0.541773
0.287686
0.380518
0.492135
0.641784
0.798935
0.366864
0.490644
0.451600
0.721668
0.435391
0.326708
0.734011
0.265767
0.832288
0.137876
0.401048
0.550175
0.232588
0.513138
0.089859
0.222245
0.649816
0.473414
0.593248
0.309378
0.712549
0.194908
0.089087
0.324009
0.263096
0.227744
0.332823
0.558759
0.384769
0.839070
0.418549
0.458183
0.491129
0.650981
0.580300
0.592687
0.443019
0.578468
0.254495
0.235902
0.500512
0.529555
0.228659
0.262789
0.897135
0.401074
0.641176
0.474833
0.439082
0.553971
0.392731
0.213446
0.311382
0.424725
0.334077
0.329817
0.311674
0.212906
0.289953
0.747354
0.620720
0.371533
0.272434
0.206371
0.475817
0.293371
0.566549
0.746324
0.618503
0.331393
0.697972
0.415903
0.611902
0.450619
0.592663
0.248727
0.519607
0.451957
0.614304
0.262634
0.409748
0.492837
0.678543
0.496142
0.504915
0.241521
0.368754
0.190615
0.746310
0.590314
0.841244
0.682317
0.635906
0.132427
0.435459
0.760823
0.542816
0.360658
0.543681
0.238700
0.775026
0.119148
0.641632
0.390973
0.282658
0.418450
0.305145
0.351381
0.336515
0.447940
0.555146
0.159479
0.456511
0.604700
0.221394
0.371031
0.403496
0.397410
0.584776
0.277036
0.691463
0.100102
0.324004
0.300327
0.508145
0.556572
0.457351
0.294651
0.235964
0.408500
0.517861
0.379242
0.402019
0.424236
0.710324
0.527855
0.666219
0.633825
0.314514
0.478376
0.081660
0.600704
0.575627
0.459951
0.348835
0.447330
0.208645
0.319917
0.380366
0.262459
0.139116
0.432195
0.418435
0.335039
0.297921
0.164251
0.341088
0.585738
0.156118
0.454534
0.414215
0.454594
0.682978
0.496274
0.339533
0.306315
0.453949
0.471470
0.564465
0.610823
0.394903
0.338032
0.390989
0.353172
0.399367
0.415183
0.620489
0.348718
0.571959
0.462587
0.592113
0.446920
0.425311
0.459676
0.356624
0.500962
0.186219
0.156433
0.485358
0.323446
0.350228
0.367189
0.378433
0.445776
0.339397
0.281434
0.270091
0.293930
0.284446
0.511901
0.414365
0.296476
0.564629
0.617471
0.441472
0.206869
0.571017
0.583522
0.534166
0.500640
0.475945
0.373490
0.486373
0.569301
0.248619
0.301965
0.385458
0.804871
0.324223
0.433952
0.643789
0.248846
0.384265
0.500891
0.300263
0.188393
0.286406
0.439976
0.423405
0.299497
0.404698
0.465669
0.514899
0.496587
0.795329
0.528195
0.386876
0.236959
0.162005
0.742529
0.529180
0.468022
0.134178
0.435950
0.298477
0.742500
0.665520
0.227477
0.136367
0.364530
0.647146
0.508947
0.470983
0.453356
0.261169
0.726893
0.459948
0.600330
0.552498
0.599349
0.490045
0.298980
0.686137
0.657015
0.145206
0.249575
0.380036
0.564096
0.393170
0.708842
0.636005
0.257013
0.584359
0.480141
0.561234
0.736001
0.233836
0.515822
0.420671
0.745665
0.806400
0.128457
0.223454
0.413481
0.625394
0.629920
0.555275
0.532520
0.595897
0.506014
0.514934
0.158836
0.652646
0.562226
0.603819
0.472675
0.531605
0.451819
0.394656
0.523890
0.350850
0.304691
0.324709
0.425469
0.261765
0.112982
0.734716
0.489339
0.445300
0.371352
0.546734
0.589774
0.605257
0.407807
0.364605
0.376333
0.244362
0.284805
0.380630
0.377590
0.168040
0.264288
0.067816
0.490642
0.500575
0.434133
0.355633
0.485448
0.699541
0.758605
0.323971
0.548780
0.636416
0.212283
0.194841
0.383144
0.581876
0.464557
0.397656
0.416950
0.534546
0.518900
0.200878
0.239088
0.465740
0.768550
0.591221
0.625141
0.261588
0.230295
0.359032
0.420164
0.188329
0.382942
0.382448
0.630992
0.150174
0.254584
0.463154
0.724419
0.391147
0.125570
0.237459
0.150413
0.250645
0.313643
0.591304
0.169234
0.423170
0.748851
0.422213
0.311861
0.325182
0.313537
0.247019
0.405469
0.519677
0.250787
0.587395
0.471894
0.558962
0.613298
0.681948
0.490615
0.080837
0.170574
0.430488
0.153444
0.532365
0.560126
0.438424
0.311114
0.469463
0.604669
0.553073
0.305281
0.360317
0.295515
0.319041
0.238057
0.356189
0.475225
0.351835
0.463508
0.600525
0.401989
0.121461
0.647320
0.416444
0.428716
0.277429
0.102922
0.478147
0.283991
0.258661
0.508112
0.098004
0.521850
0.428185
0.170431
0.313210
0.579364
0.395029
0.150888
0.595183
0.345927
0.452917
0.420886
0.436215
0.578187
0.565792
0.443827
0.323804
0.253220
0.292225
0.387803
0.236632
0.571123
0.496750
0.278877
0.620194
0.474692
0.680016
0.804091
0.369617
0.425000
0.551800
0.407004
0.317312
0.663179
0.491450
0.426303
0.533949
0.275438
0.557379
0.371501
0.365194
0.281318
0.248459
0.349384
0.104647
0.544109
0.277476
0.508815
0.135298
0.367547
0.407558
0.759209
0.497033
0.478512
0.257806
0.117528
0.700718
0.291867
0.397217
0.609955
0.208526
0.282508
0.736469
0.386986
0.637506
0.253927
0.559594
0.233244
0.310856
0.322498
0.310748
0.124991
0.171187
0.729969
0.198754
0.352693
0.284538
0.626451
0.122351
0.414203
0.167817
0.519730
0.367640
0.487736
0.267887
0.288133
0.388160
0.531136
0.385446
0.480605
0.363199
0.278483
0.564498
0.610326
0.581910
0.327385
0.583966
0.760689
0.264795
0.169999
0.379441
0.472187
0.229999
0.361029
0.108940
0.207154
0.490705
0.661783
0.133808
0.389951
0.426183
0.452486
0.436007
0.411172
0.511171
0.434025
0.668517
0.357897
0.231057
0.789649
0.318228
0.155758
0.812725
0.127953
0.193872
0.533531
0.335933
0.845836
0.357318
0.194793
0.253217
0.650813
0.642129
0.528222
0.386833
0.203634
0.653332
0.409160
0.263741
0.484540
0.458423
0.300529
0.146819
0.072888
0.440239
0.104870
0.503700
0.873066
0.312560
0.569883
0.482831
0.377488
0.555060
0.499053
0.496123
0.479413
0.481472
0.293883
0.365310
0.617641
0.457434
0.390476
0.612528
0.636181
0.726881
0.755928
0.331792
0.468331
0.411810
0.232197
0.568203
0.663862
0.784966
0.658164
0.747820
0.535501
0.171828
0.427805
0.332060
0.215078
0.168991
0.323401
0.237207
0.442730
0.329434
0.663055
0.664942
0.188345
0.525883
0.487923
0.677238
0.140203
0.452608
0.294718
0.295907
0.343628
0.535131
0.355979
0.351182
0.628511
0.119471
0.120867
0.502337
0.353605
0.176835
0.304503
0.673652
0.569846
0.285459
0.517307
0.622108
0.354692
0.325443
0.409383
0.447167
0.145314
0.573732
0.237655
0.277328
0.684261
0.688941
0.667383
0.257830
0.157811
0.471252
0.118247
0.416479
0.844572
0.637081
0.154774
0.283535
0.778906
0.419950
0.306727
0.459616
0.313312
0.655383
0.304280
0.619032
0.600492
0.563567
0.368218
0.572016
0.288922
0.408110
0.476692
0.543726
0.304208
0.395326
0.280266
0.654440
0.275382
0.079315
0.353948
0.515075
0.409165
0.060040
0.200730
0.390907
0.115178
0.626267
0.254572
0.487054
0.319367
0.586692
0.549558
0.551051
0.429614
0.441531
0.300277
0.360537
0.243143
0.563470
0.347008
0.357407
0.494478
0.860542
0.314384
0.613008
0.614450
0.421788
0.364664
0.315452
0.146322
0.527320
0.610324
0.592968
0.373905
0.168340
0.228905
0.191707
0.685573
0.336152
0.246768
0.457994
0.598816
0.593601
0.584429
0.333168
0.500006
0.227295
0.559242
0.589334
0.431056
0.446485
0.354306
0.110818
0.260625
0.468710
0.720300
0.496298
0.348449
0.475870
0.287407
0.428780
0.847813
0.351409
0.508405
0.133016
0.629248
0.635102
0.252417
0.496171
0.377885
0.191743
0.846125
0.183288
0.315809
0.642996
0.150574
0.478177
0.731897
0.525078
0.313426
0.597169
0.490990
0.344709
0.325647
0.763135
0.567322
0.344791
0.439136
0.582788
0.695098
0.521719
0.416285
0.311280
0.289777
0.589831
0.314796
0.807532
0.462004
0.552458
0.495267
0.295960
0.235118
0.061983
0.553567
0.196134
0.594296
0.332999
0.264485
0.578267
0.182480
0.433241
0.438813
0.364423
0.071212
0.230000
0.289516
0.608330
0.419217
0.326048
0.166949
0.447906
0.464369
0.462817
0.679086
0.260245
0.616564
0.257566
0.739491
0.495832
0.360550
0.460029
0.421759
0.552959
0.292908
0.491571
0.684797
0.255451
0.620684
0.592299
0.558462
0.327023
0.556567
0.636049
0.530806
0.341309
0.389759
0.565472
0.373296
0.422722
0.526766
0.428066
0.526099
0.184109
0.401740
0.315138
0.149366
0.352205
0.474629
0.476826
0.548025
0.704295
0.212229
0.377202
0.341487
0.105321
0.505184
0.654000
0.593746
0.162756
0.470350
0.200722
0.644145
0.448591
0.404196
0.190721
0.372248
0.619021
0.642302
0.354542
0.356624
0.631385
0.259215
0.637032
0.775653
0.284176
0.609791
0.692744
0.339151
0.533930
0.248902
0.447828
0.378860
0.374842
0.115996
0.587917
0.148315
0.485326
0.443934
0.555375
0.576815
0.337327
0.561518
0.732311
0.606559
0.368050
0.219941
0.277751
0.170610
0.381297
0.654768
0.541160
0.175781
0.499869
0.751753
0.380779
0.659666
0.113025
0.426034
0.623294
0.241072
0.684835
0.495073
0.174758
0.182511
0.596815
0.541321
0.585496
0.591657
0.506292
0.234318
0.397018
0.366105
0.698245
0.555790
0.516497
0.587226
0.409213
0.555855
0.864598
0.564861
0.598927
0.389936
0.400342
0.620472
0.321280
0.344561
0.705924
0.229700
0.173355
0.197452
0.335805
0.234345
0.471961
0.450997
0.565120
0.336985
0.203408
0.373891
0.282881
0.279315
0.313636
0.214582
0.504517
0.585420
0.489163
0.225226
0.356567
0.615377
0.567724
0.673088
0.425945
0.383392
0.810196
0.358866
0.287897
0.184098
0.135402
0.522557
0.589906
0.618373
0.656397
0.382698
0.679852
0.528680
0.212833
0.309507
0.550761
0.308505
0.487601
0.267256
0.510514
0.206894
0.337804
0.200694
0.644369
0.147839
0.158537
0.303432
0.523716
0.509369
0.177222
0.749005
0.656389
0.195521
0.488037
0.654354
0.468731
0.695606
0.478666
0.516917
0.561689
0.583638
0.664626
0.146445
0.521828
0.390757
0.625630
0.493989
0.586129
0.852385
0.579073
0.224541
0.199565
0.226220
0.534152
0.457559
0.486875
0.413453
0.216414
0.694110
0.547111
0.341790
0.525698
0.747488
0.409472
0.590699
0.491659
0.786129
0.092452
0.472620
0.633043
0.487605
0.522912
0.413254
0.339164
0.165797
0.626561
0.692092
0.258302
0.293817
0.383536
0.357495
0.488170
0.424433
0.358105
0.567491
0.536198
0.553385
0.444674
0.570093
0.402414
0.273712
0.281339
0.368602
0.411371
0.300862
0.658055
0.485289
0.261186
0.392457
0.305880
0.406686
0.256314
0.365726
0.316061
0.508793
0.354123
0.430133
0.159925
0.421939
0.697474
0.568658
0.237347
0.395761
0.619617
0.443130
0.781539
0.280147
0.525103
0.091939
0.231799
0.266478
0.602066
0.452903
0.409868
0.287126
0.677195
0.544537
0.393403
0.255208
0.330479
0.792861
0.127843
0.307958
0.276740
0.336846
0.373264
0.455325
0.631140
0.439333
0.435212
0.465753
0.753125
0.121765
0.339912
0.386779
0.090965
0.348636
0.476101
0.606352
0.250654
0.370801
0.515346
0.356533
0.695939
0.497221
0.411686
0.462807
0.179934
0.630726
0.097402
0.290649
0.553044
0.416175
0.582970
0.699362
0.322464
0.584895
0.706640
0.351118
0.583673
0.166161
0.441112
0.583498
0.814066
0.400592
0.365998
0.563644
0.204299
0.236110
0.638777
0.241909
0.443929
0.421757
0.364595
0.605119
0.178767
0.447404
0.694872
0.532053
0.458647
0.580714
0.442543
0.524866
0.768530
0.893888
0.186398
0.210027
0.440743
0.498012
0.542949
0.696654
0.542178
0.311120
0.428708
0.313915
0.225569
0.318814
0.564174
0.220847
0.610440
0.506691
0.665878
0.299310
0.357617
0.337598
0.458336
0.552125
0.332204
0.231089
0.404275
0.538194
0.853346
0.744054
0.253246
0.283125
0.481596
0.254020
0.475272
0.588175
0.449773
0.601425
0.272023
0.423447
0.655458
0.216089
0.363391
0.380228
0.437977
0.369598
0.766028
0.517056
0.509294
0.225935
0.757313
0.594272
0.674180
0.552492
0.279689
0.427993
0.385818
0.219708
0.661346
0.460370
0.277647
0.298863
0.180699
0.393879
0.381786
0.232791
0.132847
0.432580
0.521659
0.451384
0.743205
0.360222
0.372110
0.322383
0.472708
0.406757
0.240420
0.034515
0.590554
0.446825
0.518234
0.545060
0.288276
0.479694
0.567160
0.594123
0.892074
0.615707
0.449213
0.205935
0.579849
0.141603
0.266471
0.562479
0.509062
0.102148
0.247956
0.409655
0.613947
0.544879
0.172528
0.593959
0.545430
0.244463
0.753251
0.332356
0.352588
0.535553
0.251153
0.471484
0.156810
0.591799
0.489116
0.462635
0.323442
0.500159
0.399741
0.270322
0.286078
0.646874
0.867072
0.704848
0.449494
0.398910
0.193363
0.671830
0.574179
0.169120
0.116147
0.672481
0.290284
0.334085
0.517883
0.143256
0.282639
0.701189
0.079619
0.565172
0.445676
0.230808
0.390742
0.722340
0.217891
0.846139
0.336832
0.742216
0.169206
0.427649
0.393590
0.287081
0.415748
0.360183
0.408676
0.259151
0.265496
0.155138
0.555033
0.659097
0.385884
0.340909
0.438703
0.672220
0.388784
0.633276
0.742258
0.719388
0.078050
0.281902
0.498639
0.595133
0.620892
0.520383
0.580187
0.448750
0.669500
0.733733
0.272188
0.120848
0.402821
0.528292
0.489659
0.140025
0.762238
0.332567
0.342574
0.338548
0.203308
0.828819
0.594660
0.380856
0.211326
0.156763
0.470953
0.271346
0.202287
0.491685
0.403108
0.352330
0.457507
0.248604
0.233593
0.497322
0.390929
0.361453
0.518544
0.561039
0.352173
0.288792
0.832942
0.351750
0.296616
0.351381
0.206534
0.331855
0.109591
0.310615
0.482089
0.477310
0.256651
0.312189
0.674665
0.471223
0.231982
0.631088
0.653962
0.176180
0.316233
0.536269
0.118209
0.366976
0.739870
0.511874
0.251063
0.450086
0.593620
0.271626
0.420704
0.540720
0.382619
0.341376
0.491102
0.243960
0.643170
0.243335
0.499052
0.216088
0.438806
0.452183
0.514155
0.699518
0.370881
0.561868
0.349942
0.553759
0.334896
0.500827
0.275117
0.252776
0.337490
0.427434
0.387895
0.542819
0.345126
0.274312
0.414017
0.686914
0.134601
0.226263
0.558195
0.434811
0.734289
0.444817
0.690001
0.373453
0.620559
0.438272
0.309086
0.343989
0.357084
0.106085
0.155118
0.284588
0.498080
0.134980
0.154761
0.643143
0.283021
0.102726
0.607365
0.383434
0.523907
0.473014
0.504674
0.561984
0.449585
0.521394
0.363727
0.257394
0.282984
0.310863
0.432364
0.282930
0.384283
0.374279
0.531255
0.453640
0.157725
0.392504
0.583840
0.663442
0.626691
0.638951
0.391335
0.391662
0.604182
0.752979
0.413290
0.551560
0.248659
0.449861
0.364016
0.487546
0.334588
0.197952
0.527848
0.383922
0.314163
0.463615
0.327360
0.490989
0.370843
0.699537
0.247611
0.431781
0.242777
0.751194
0.220317
0.598032
0.476575
0.305633
0.585935
0.157398
0.293470
0.629664
0.648149
0.522641
0.455433
0.590003
0.382530
0.460425
0.551524
0.233038
0.649458
0.365844
0.464255
0.064171
0.528451
0.673112
0.276295
0.444158
0.283908
0.579367
0.638988
0.556373
0.402703
0.519992
0.189453
0.322661
0.640228
0.524800
0.770239
0.628358
0.792662
0.319207
0.134175
0.667807
0.458770
0.700904
0.596933
0.762449
0.700423
0.481708
0.295792
0.698821
0.470489
0.274363
0.199193
0.313222
0.204524
0.407197
0.457845
0.718105
0.733394
0.639252
0.268537
0.182134
0.188522
0.324300
0.744688
0.339598
0.268560
0.217147
0.602494
0.387091
0.176211
0.657555
0.108628
0.509286
0.288237
0.550977
0.369046
0.631513
0.372607
0.471684
0.583094
0.172760
0.517967
0.494916
0.282505
0.283210
0.308203
0.390716
0.394577
0.444176
0.274295
0.269489
0.459503
0.381946
0.440595
0.566518
0.586094
0.337966
0.425315
0.800392
0.212539
0.150029
0.577362
0.384984
0.291605
0.447386
0.745595
0.413960
0.590090
0.422598
0.339283
0.620231
0.237659
0.333874
0.473217
0.206114
0.246570
0.403455
0.296747
0.057224
0.597711
0.282072
0.224681
0.508305
0.313742
0.311258
0.164688
0.249396
0.133988
0.623720
0.580856
0.086945
0.747243
0.320998
0.541503
0.600959
0.363193
0.570114
0.288547
0.683038
0.339595
0.284965
0.209410
0.179761
0.087748
0.166345
0.497995
0.398043
0.580695
0.374878
0.700773
0.312451
0.138702
0.259909
0.096852
0.216638
0.610331
0.455851
0.570205
0.459169
0.221405
0.668832
0.466217
0.151620
0.493549
0.450368
0.537711
0.669204
0.813284
0.313900
0.215258
0.347732
0.100603
0.170777
0.269473
0.335211
0.525862
0.535023
0.550629
0.396277
0.231899
0.630918
0.585090
0.217176
0.812284
0.592428
0.396084
0.636100
0.240182
0.399626
0.305159
0.140076
0.440967
0.386130
0.252673
0.115147
0.241464
0.565598
0.602338
0.340274
0.070049
0.541515
0.190111
0.572117
0.507330
0.415361
0.704440
0.243153
0.425960
0.452879
0.469090
0.359944
0.580662
0.460175
0.594304
0.710401
0.440581
0.621370
0.646972
0.370767
0.172202
0.344350
0.724709
0.268584
0.636315
0.615468
0.527641
0.780086
0.175090
0.332191
0.518034
0.343281
0.698332
0.295433
0.337270
0.257002
0.451693
0.353453
0.306822
0.191460
0.614978
0.450158
0.429592
0.337152
0.379668
0.423468
0.446904
0.150708
0.377786
0.384130
0.491505
0.216400
0.588644
0.384403
0.273494
0.323722
0.222408
0.203624
0.453511
0.569376
0.153465
0.590075
0.195848
0.373223
0.191949
0.197496
0.267099
0.304817
0.525634
0.391122
0.826525
0.308189
0.583397
0.217549
0.512221
0.189917
0.456559
0.730105
0.228167
0.485629
0.356383
0.248000
0.227357
0.519003
0.109425
0.468369
0.332367
0.281525
0.582164
0.267704
0.169866
0.253601
0.754900
0.138057
0.669707
0.522852
0.209035
0.574381
0.323121
0.121818
0.767817
0.388722
0.577402
0.370204
0.297489
0.175929
0.350562
0.476430
0.427761
0.388198
0.589176
0.279229
0.509193
0.368356
0.391554
0.249886
0.498006
0.497586
0.728613
0.590234
0.439796
0.427294
0.462276
0.598505
0.264536
0.634127
0.462839
0.569837
0.568875
0.415821
0.320952
0.605541
0.461598
0.501736
0.344422
0.283011
0.648765
0.550638
0.286986
0.502978
0.691024
0.767062
0.671333
0.131082
0.607877
0.918669
0.483536
0.534933
0.402709
0.112459
0.233920
0.146562
0.132636
0.487269
0.240837
0.431405
0.610237
0.621029
0.327590
0.398011
0.123682
0.407087
0.510495
0.368113
0.338434
0.481928
0.095939
0.645458
0.594136
0.483307
0.377673
0.767046
0.212086
0.427385
0.048108
0.800128
0.166283
0.257239
0.614656
0.658423
0.258046
0.765337
0.249907
0.293765
0.162089
0.537978
0.552704
0.379471
0.398865
0.300308
0.583436
0.519293
0.097959
0.259484
0.869590
0.210014
0.502635
0.145087
0.528198
0.578223
0.209024
0.254273
0.656795
0.415403
0.137691
0.224377
0.359755
0.623204
0.217438
0.578800
0.219039
0.334777
0.519966
0.295537
0.384621
0.117807
0.166454
0.594627
0.310468
0.334284
0.214271
0.567340
0.655272
0.524603
0.820560
0.356831
0.573144
0.571524
0.216539
0.520304
0.799034
0.798218
0.510432
0.509041
0.295058
0.419437
0.171196
0.656083
0.441055
0.582099
0.210399
0.797354
0.057153
0.424844
0.429607
0.297497
0.588272
0.148691
0.139092
0.474686
0.486350
0.582901
0.414210
0.601724
0.203291
0.467693
0.551774
0.544906
0.416058
0.154003
0.507941
0.707891
0.771263
0.361500
0.249883
0.285072
0.529647
0.721712
0.300203
0.239017
0.338888
0.605789
0.602698
0.378107
0.509666
0.894871
0.797154
0.511850
0.696239
0.802694
0.408271
0.250003
0.313277
0.413459
0.466049
0.425300
0.185659
0.406819
0.320781
0.318627
0.299137
0.100389
0.805586
0.649316
0.765786
0.186484
0.471140
0.514152
0.130329
0.552859
0.242056
0.341058
0.490038
0.694341
0.508329
0.401675
0.525911
0.044697
0.604982
0.512731
0.723380
0.555093
0.727341
0.287284
0.430053
0.334779
0.594522
0.205288
0.391319
0.366947
0.592434
0.359569
0.483055
0.279222
0.505556
0.231910
0.675013
0.055485
0.383516
0.653571
0.292957
0.257374
0.411364
0.521078
0.356481
0.440956
0.307364
0.599942
0.399414
0.234227
0.188441
0.518773
0.101771
0.442090
0.202393
0.298566
0.443466
0.332923
0.319511
0.196793
0.350351
0.596536
0.172766
0.130646
0.438967
0.812276
0.399122
0.264379
0.373482
0.355321
0.578886
0.837722
0.326121
0.260726
0.359958
0.314881
0.209849
0.308060
0.533774
0.094993
0.381000
0.273588
0.340446
0.481483
0.529540
0.168447
0.170084
0.597266
0.169725
0.618605
0.064184
0.681968
0.658321
0.141257
0.180341
0.665229
0.272727
0.149947
0.415967
0.453556
0.298449
0.494799
0.167958
0.224742
0.626401
0.286156
0.556353
0.267884
0.651884
0.456217
0.534432
0.388610
0.622189
0.428441
0.378920
0.303065
0.700511
0.353469
0.156441
0.302339
0.498385
0.185321
0.551964
0.496283
0.585794
0.396879
0.367426
0.204081
0.542735
0.819479
0.578610
0.385661
0.366721
0.276870
0.191887
0.414812
0.856341
0.458528
0.706130
0.462335
0.751534
0.330432
0.273143
0.434574
0.732936
0.468986
0.345743
0.128488
0.615461
0.463316
0.393579
0.283991
0.543460
0.251971
0.427756
0.687063
0.200406
0.281787
0.877733
0.434043
0.467063
0.423574
0.229140
0.187578
0.782136
0.521910
0.638509
0.846119
0.663766
0.407975
0.343897
0.466971
0.513898
0.460419
0.621644
0.263682
0.192930
0.375420
0.502617
0.586797
0.692369
0.387119
0.174023
0.408083
0.739729
0.497879
0.419088
0.794997
0.440621
0.494945
0.252709
0.340186
0.306384
0.387749
0.548670
0.225758
0.746417
0.423894
0.314376
0.482935
0.864729
0.473435
0.295600
0.178633
0.496732
0.201460
0.362663
0.517930
0.266601
0.210712
0.550893
0.245010
0.846744
0.377232
0.439926
0.271571
0.465851
0.246988
0.749519
0.395491
0.616859
0.256110
0.445239
0.553830
0.164350
0.278550
0.561560
0.706062
0.607367
0.241882
0.425816
0.309679
0.430896
0.479812
0.258435
0.138036
0.392453
0.500042
0.306720
0.558724
0.355678
0.593194
0.414220
0.243731
0.535359
0.180726
0.467039
0.443540
0.330148
0.413601
0.130214
0.626845
0.621255
0.501903
0.822483
0.529368
0.064390
0.238360
0.415218
0.546790
0.683921
0.330117
0.441199
0.323135
0.496023
0.352887
0.549444
0.555342
0.549938
0.443451
0.299299
0.815339
0.540769
0.213057
0.131629
0.670950
0.280033
0.465747
0.635463
0.446031
0.509707
0.287223
0.459030
0.558060
0.596429
0.441264
0.640915
0.649311
0.367332
0.257717
0.330721
0.154254
0.266684
0.444198
0.454782
0.443753
0.335468
0.421331
0.559587
0.395854
0.379809
0.205722
0.199378
0.567411
0.222319
0.320569
0.656895
0.568933
0.471472
0.383173
0.273416
0.785686
0.318274
0.481826
0.057864
0.512718
0.462121
0.285510
0.575652
0.465287
0.214964
0.448108
0.263403
0.363113
0.348495
0.317005
0.512484
0.155941
0.395224
0.191798
0.599129
0.755088
0.553437
0.738128
0.667480
0.577521
0.344318
0.601112
0.335167
0.371250
0.350985
0.602533
0.210078
0.456306
0.475522
0.424697
0.611872
0.302515
0.511157
0.589148
0.659515
0.101550
0.321259
0.300648
0.233840
0.599837
0.656777
0.401343
0.531195
0.362725
0.468074
0.294070
0.318627
0.504016
0.485178
0.624027
0.826779
0.135839
0.473097
0.376833
0.449611
0.424652
0.809793
0.560798
0.359858
0.457376
0.524749
0.684583
0.399303
0.356851
0.441499
0.078701
0.221458
0.284503
0.307510
0.571039
0.602473
0.112185
0.487599
0.227768
0.298383
0.410533
0.373560
0.481382
0.696449
0.233344
0.150510
0.542511
0.233144
0.416612
0.098759
0.635200
0.282216
0.208692
0.387426
0.826664
0.291030
0.543284
0.347732
0.138327
0.457196
0.438593
0.276647
0.232681
0.516369
0.415582
0.134218
0.363758
0.109347
0.335684
0.580907
0.587539
0.606673
0.361516
0.544454
0.697424
0.241661
0.620740
0.719255
0.464267
0.218602
0.624231
0.182044
0.525013
0.177754
0.552065
0.576141
0.322112
0.547096
0.271253
0.426233
0.514231
0.394853
0.450264
0.778105
0.327911
0.291164
0.370925
0.511522
0.790451
0.361452
0.426561
0.369194
0.204332
0.707377
0.818092
0.681590
0.495261
0.415734
0.212778
0.508075
0.423455
0.345378
0.281239
0.655981
0.494416
0.814794
0.501605
0.624203
0.655060
0.523585
0.169406
0.569623
0.284559
0.230143
0.424404
0.118694
0.245638
0.198420
0.490456
0.403337
0.245067
0.312120
0.397883
0.178021
0.475637
0.565142
0.420944
0.449162
0.271407
0.756256
0.632530
0.277598
0.542843
0.568498
0.724680
0.519939
0.440106
0.727408
0.502883
0.399029
0.191389
0.325765
0.522368
0.400620
0.264160
0.422505
0.359033
0.108999
0.511077
0.318093
0.231842
0.360462
0.442852
0.420884
0.571508
0.782215
0.523152
0.390908
0.572740
0.378470
0.545794
0.607663
0.612184
0.607905
0.416007
0.516672
0.541383
0.377796
0.341912
0.294894
0.187128
0.724880
0.292875
0.697339
0.696301
0.294161
0.296995
0.773617
0.048951
0.396066
0.578634
0.257354
0.357226
0.494197
0.806774
0.627448
0.596668
0.713046
0.423375
0.543293
0.374169
0.305389
0.682097
0.346720
0.132496
0.331450
0.284722
0.371087
0.335001
0.420821
0.514074
0.456662
0.422848
0.377540
0.410750
0.692535
0.758691
0.435061
0.337142
0.435139
0.321433
0.404988
0.136828
0.276672
0.355426
0.144806
0.280806
0.620060
0.099233
0.449841
0.218152
0.258910
0.793744
0.375519
0.548651
0.675504
0.343968
0.439325
0.681740
0.729056
0.231820
0.272242
0.305306
0.259641
0.163292
0.615739
0.553347
0.756268
0.255380
0.703972
0.196577
0.667000
0.211115
0.339208
0.106333
0.521653
0.525177
0.251639
0.507066
0.735388
0.453014
0.872277
0.343946
0.261688
0.411224
0.476526
0.573902
0.445358
0.673899
0.622515
0.505155
0.307632
0.338456
0.585947
0.329748
0.793776
0.244231
0.264705
0.368127
0.191877
0.181305
0.199619
0.583107
0.574884
0.331593
0.228732
0.532357
0.577521
0.132289
0.430142
0.588982
0.588938
0.192610
0.169865
0.150949
0.595883
0.346168
0.478147
0.393860
0.263412
0.497051
0.347447
0.559361
0.383762
0.697334
0.207310
0.562010
0.391131
0.387344
0.553160
0.213346
0.334705
0.453480
0.191717
0.331181
0.537626
0.255998
0.595887
0.264944
0.292947
0.504195
0.238995
0.167573
0.546010
0.210705
0.410935
0.187905
0.333549
0.087003
0.874921
0.632834
0.149206
0.336695
0.267642
0.707456
0.466885
0.494289
0.446926
0.413621
0.289458
0.341280
0.531841
0.578100
0.680349
0.629434
0.322194
0.315937
0.342288
0.390198
0.430010
0.603217
0.682202
0.291239
0.441044
0.537197
0.616966
0.492236
0.206781
0.119663
0.258978
0.530123
0.354985
0.593083
0.230583
0.578768
0.324202
0.198928
0.590765
0.416876
0.728825
0.408739
0.432008
0.290526
0.206167
0.480574
0.363886
0.298690
0.446783
0.667078
0.185009
0.516919
0.369381
0.550643
0.418107
0.744586
0.231955
0.467004
0.298049
0.394942
0.470530
0.232458
0.311301
0.352256
0.505108
0.090311
0.574671
0.220050
0.559340
0.489535
0.277885
0.680053
0.316881
0.338442
0.408532
0.490142
0.275465
0.209588
0.436067
0.289048
0.563692
0.273621
0.539670
0.479258
0.642172
0.343460
0.137963
0.285057
0.526360
0.347172
0.448331
0.312963
0.304827
0.345175
0.395851
0.759427
0.134058
0.231401
0.644761
0.364713
0.700012
0.186890
0.294544
0.566014
0.575412
0.553079
0.503671
0.490555
0.156944
0.269737
0.218211
0.255545
0.791655
0.619685
0.330336
0.521660
0.538103
0.659471
0.486317
0.376089
0.675924
0.467557
0.386721
0.623947
0.104305
0.520538
0.494580
0.230323
0.258541
0.362389
0.719365
0.414645
0.581809
0.337024
0.277315
0.396029
0.406818
0.298769
0.134526
0.065986
0.297696
0.581102
0.824615
0.320668
0.508669
0.687290
0.600840
0.425257
0.535093
0.088070
0.705837
0.467653
0.292350
0.584035
0.414602
0.242661
0.550809
0.350014
0.684339
0.256432
0.206432
0.338242
0.616613
0.572974
0.392031
0.868405
0.447643
0.482456
0.338761
0.187775
0.218866
0.420148
0.807911
0.717076
0.592769
0.186182
0.494764
0.524699
0.211122
0.405776
0.429491
0.295663
0.671301
0.456484
0.213403
0.237638
0.298055
0.387967
0.328627
0.488600
0.371798
0.609054
0.419533
0.674491
0.626999
0.158982
0.371339
0.694163
0.218929
0.514161
0.410424
0.551249
0.795650
0.439874
0.186099
0.687526
0.658913
0.285694
0.108078
0.575184
0.511838
0.293866
0.282018
0.264926
0.508607
0.475106
0.525018
0.683691
0.352925
0.659667
0.396521
0.497172
0.492534
0.365099
0.594872
0.397943
0.426566
0.574441
0.515831
0.207962
0.252098
0.434438
0.824696
0.263856
0.213496
0.452989
0.457402
0.155149
0.573339
0.351943
0.522726
0.526184
0.561351
0.642241
0.230977
0.179626
0.205017
0.621616
0.575832
0.580926
0.348584
0.725062
0.581092
0.237068
0.494928
0.264311
0.487686
0.470094
0.490038
0.794046
0.373851
0.285054
0.447923
0.343967
0.128982
0.355092
0.398211
0.688553
0.471811
0.323065
0.254814
0.351927
0.193649
0.713937
0.334923
0.243597
0.427027
0.399620
0.347972
0.451297
0.185239
0.660590
0.359846
0.544323
0.627447
0.638427
0.423621
0.283394
0.212897
0.513935
0.640606
0.259341
0.482249
0.395821
0.675944
0.402248
0.493016
0.474222
0.110568
0.290436
0.224955
0.451512
0.395035
0.102589
0.152119
0.177370
0.414216
0.112306
0.517305
0.256289
0.305641
0.272599
0.702886
0.583460
0.667879
0.099764
0.585701
0.326626
0.757409
0.616173
0.295378
0.521653
0.571016
0.397545
0.282680
0.226238
0.638403
0.334722
0.651770
0.500160
0.279115
0.394106
0.332644
0.474071
0.562258
0.257674
0.716193
0.498634
0.503082
0.159049
0.528116
0.304055
0.458732
0.238180
0.393269
0.209633
0.738744
0.256447
0.341984
0.273658
0.410368
0.162739
0.165447
0.398337
0.256430
0.493169
0.562702
0.365579
0.570744
0.730391
0.499443
0.542057
0.274823
0.315457
0.441346
0.819135
0.418461
0.377907
0.344530
0.338245
0.319530
0.305344
0.537726
0.355286
0.663878
0.404352
0.427644
0.344642
0.586095
0.344995
0.605262
0.491481
0.300061
0.309638
0.379079
0.382646
0.415471
0.296479
0.301722
0.208002
0.654907
0.205322
0.374603
0.420642
0.359348
0.268936
0.686990
0.199453
0.124171
0.482659
0.410091
0.716159
0.377767
0.286526
0.617753
0.467670
0.696169
0.380698
0.382367
0.392652
0.412653
0.537049
0.440981
0.261751
0.732733
0.522338
0.273720
0.589109
0.204306
0.429387
0.382125
0.329828
0.450586
0.510066
0.522847
0.672514
0.284084
0.716996
0.332867
0.306210
0.385254
0.484544
0.191067
0.447172
0.475441
0.352086
0.528138
0.441590
0.491455
0.610217
0.512191
0.591822
0.065464
0.272591
0.565849
0.561297
0.237707
0.697508
0.071961
0.411498
0.471675
0.652480
0.269712
0.194961
0.205544
0.653713
0.608905
0.511142
0.572399
0.448314
0.553668
0.207656
0.544811
0.531086
0.115545
0.408199
0.635108
0.835864
0.635065
0.662384
0.410596
0.462266
0.196998
0.329732
0.436526
0.376134
0.147078
0.319934
0.206113
0.068539
0.251116
0.193084
0.527157
0.722513
0.607312
0.125412
0.718534
0.343589
0.463224
0.493658
0.429871
0.572015
0.601772
0.448766
0.459455
0.329800
0.473360
0.674567
0.674791
0.322014
0.326702
0.624054
0.108092
0.613037
0.347788
0.247859
0.762731
0.599071
0.391698
0.656448
0.377879
0.262443
0.179814
0.184764
0.247522
0.584403
0.418330
0.217066
0.358384
0.682241
0.491246
0.473003
0.418382
0.491711
0.422612
0.174804
0.211512
0.680524
0.385503
0.518616
0.645407
0.456434
0.384007
0.277552
0.285537
0.402918
0.652156
0.583556
0.502271
0.379999
0.736019
0.208066
0.336826
0.517745
0.227531
0.164241
0.624730
0.375488
0.271195
0.412404
0.359886
0.444976
0.206393
0.331942
0.135655
0.686061
0.314065
0.499723
0.697973
0.168762
0.436128
0.341616
0.529766
0.303338
0.756581
0.481672
0.279765
0.694442
0.677588
0.278579
0.587475
0.276689
0.052634
0.149480
0.581012
0.180083
0.202021
0.243786
0.110766
0.176522
0.575681
0.528641
0.672897
0.316530
0.278114
0.620235
0.405763
0.344094
0.309462
0.776692
0.251423
0.492806
0.510866
0.698152
0.562745
0.088675
0.188959
0.711136
0.790518
0.391796
0.382634
0.151183
0.450851
0.585724
0.185209
0.349789
0.432649
0.298291
0.273119
0.496654
0.659930
0.345174
0.547744
0.178882
0.646715
0.239794
0.658606
0.326379
0.515809
0.245631
0.274941
0.633946
0.618046
0.237885
0.271505
0.665041
0.567331
0.086527
0.603388
0.380568
0.243438
0.859106
0.564338
0.326358
0.374102
0.473478
0.330139
0.593284
0.367843
0.383316
0.306770
0.317032
0.392554
0.277697
0.405162
0.369561
0.366041
0.741935
0.707128
0.236418
0.249204
0.212552
0.627243
0.337265
0.746945
0.481287
0.425586
0.480338
0.260881
0.276985
0.646315
0.226009
0.204411
0.221922
0.178062
0.483068
0.505420
0.473980
0.658329
0.600609
0.380149
0.377870
0.698904
0.537023
0.562808
0.308488
0.367268
0.779493
0.504244
0.440747
0.556995
0.542453
0.414534
0.594759
0.406598
0.604363
0.766303
0.606372
0.232118
0.226306
0.678260
0.130115
0.425409
0.328205
0.422706
0.449559
0.165862
0.283815
0.392473
0.631098
0.413654
0.339108
0.383529
0.570853
0.533491
0.233905
0.488590
0.740459
0.742397
0.530117
0.404072
0.500748
0.557757
0.096161
0.302883
0.328238
0.372946
0.528365
0.622836
0.527731
0.200216
0.452763
0.446080
0.548842
0.319864
0.469825
0.325954
0.643175
0.324076
0.664117
0.455523
