0.355966
0.603077
0.547075
0.274203
0.336462
0.277391
0.529286
0.573498
0.572706
0.450680
0.668590
0.548108
0.068740
0.398126
0.584538
0.551326
0.594721
0.505400
0.127741
0.083732
0.548660
0.395669
0.358335
0.257282
0.114994
0.447981
0.242760
0.269270
0.283128
0.386049
0.550069
0.151378
0.637758
0.470612
0.594230
0.165238
0.371219
0.519335
0.411342
0.220711
0.265203
0.045611
0.331040
0.364987
0.501873
0.579820
0.327316
0.649284
0.531921
0.389178
0.706284
0.296018
0.491785
0.448452
0.523680
0.661781
0.292627
0.802404
0.479962
0.614679
0.328742
0.093533
0.381411
0.619141
0.869617
0.360455
0.436093
0.493051
0.404472
0.503657
0.360473
0.560329
0.091418
0.398148
0.149587
0.701256
0.086811
0.546314
0.342624
0.301347
0.459517
0.246118
0.336154
0.212054
0.507680
0.349455
0.775937
0.403030
0.051855
0.319094
0.526677
0.405637
0.600150
0.361007
0.560293
0.329134
0.128987
0.335694
0.128908
0.418458
